13755,1760628039,1760628285,""
13756,1760639760,1760643924,""
13757,1760645462,1760652103,""
13758,1760653627,1760944750,""
13759,1760945685,1761000780,""
13760,1761001871,1761002769,""
13761,1761003741,1761068684,"CRASH"
13762,1761069667,1761123008,"CRASH"
13764,1761129470,1761139860,"CRASH"
13765,1761141564,1761147277,""
13766,1761148252,1761150655,"CRASH"
13767,1761151862,1761155218,"CRASH"
13768,1761156911,1761184954,""
13769,1761186052,1761190235,""
13770,1761191057,1761224353,"CRASH"
13771,1761225395,1761234153,""
13772,1761235522,1761235653,""
13773,1761236229,1761236676,""
13774,1761237147,1761237792,""
13775,1761242190,1761242700,""
13776,1761243024,1761243131,"CRASH"
13777,1761243932,1761244443,""
13778,1761244782,1761244898,"CRASH"
13779,1761245287,1761245349,"CRASH"
13780,1761245842,1761246340,""
13781,1761246648,1761246664,"CRASH"
13782,1761247676,1761275831,""
13783,1761276800,1761284234,"CRASH"
13784,1761286194,1761287753,"CRASH"
13785,1761289433,1761306043,""
13786,1761307141,1761314824,""
13787,1761316584,1761317310,""
13788,1761317654,1761317784,"CRASH"
13789,1761318356,1761318866,""
13790,1761319210,1761319736,""
13791,1761320281,1761320748,""
13792,1761321087,1761321597,""
13793,1761321907,1761321955,"CRASH"
13794,1761322274,1761322784,""
13795,1761323117,1761323627,""
13797,1761324046,1761324427,"CRASH"
13798,1761326233,1761337458,"CRASH"
13799,1761338752,1761413960,"CRASH"
13800,1761415986,1761459946,""
13801,1761461105,1761461479,"CRASH"
13802,1761462417,1761530220,"CRASH"
13803,1761531111,1761607357,""
13804,1761608571,1761610005,""
13805,1761611091,1761615433,""
13806,1761616418,1761735698,"CRASH"
13807,1761738214,1761745946,"CRASH"
13808,1761747435,1761747950,""
13809,1761750893,1761750958,"CRASH"
13810,1761752728,1761753012,""
13811,1761753946,1761754037,"CRASH"
13812,1761755312,1761755577,""
13813,1761757725,1761764236,""
13814,1761765301,1761765354,""
13815,1761766258,1761766436,""
13816,1761767394,1761771533,""
13817,1761772511,1761825746,"CRASH"
13818,1761827654,1761845103,"CRASH"
13819,1761846257,1761855496,"CRASH"
13820,1761857821,1761860368,""
13821,1761861297,1762129682,"CRASH"
13822,1762130716,1762135180,"CRASH"
13823,1762136163,1762168694,""
13824,1762169760,1762195280,""
13825,1762196206,1762196462,""
13826,1762197364,1762197453,"CRASH"
13827,1762198321,1762198410,"CRASH"
13828,1762199266,1762199375,""
13829,1762200205,1762215412,""
13830,1762216627,1762282415,""
13831,1762283482,1762283539,"CRASH"
13832,1762284429,1762379855,"CRASH"
13833,1762383202,1762383791,""
13834,1762385280,1762385984,""
13835,1762388732,1762388848,""
13836,1762392271,1762392376,""
13837,1762393136,1762393190,""
13838,1762393977,1762394033,""
13839,1762395002,1762395324,""
13840,1762396101,1762405023,"CRASH"
13841,1762406078,1762407099,""
13842,1762407907,1762417471,"CRASH"
13843,1762418502,1762418611,"CRASH"
13844,1762421864,1762431342,"CRASH"
13845,1762432317,1762432455,"CRASH"
13846,1762433518,1762437339,""
13847,1762438223,1762438403,""
13848,1762453504,1762453593,""
13849,1762453925,1762454217,""
13850,1762455546,1762455743,""
13851,1762456058,1762456128,""
13852,1762459128,1762459202,""
13853,1762459591,1762459646,""
13854,1762465006,1762465865,""
13855,1762466647,1762467105,""
13856,1762469994,1762470039,""
13857,1762470716,1762478631,"CRASH"
13858,1762479855,1762533060,""
13859,1762534754,1762537874,""
13860,1762553358,1762554300,""
13861,1762554993,1762643433,""
13862,1762644137,1762720474,"CRASH"
13863,1762721338,1762759372,"CRASH"
13864,1762759999,1762797689,""
13865,1762801426,1762805222,""
13866,1762805920,1762806520,""
13867,1762807287,1762819274,"CRASH"
13868,1762820691,1762871123,""
13869,1762873233,1762907098,""
13870,1762908162,1762908713,""
13871,1762909668,1762910131,""
13872,1762911290,1762923160,"CRASH"
13873,1762924279,1762982834,""
13874,1763071287,1763071561,""
13875,1763072290,1763073674,""
13876,1763074626,1763097169,"CRASH"
13877,1763098710,1763168410,""
13878,1763169151,1763239262,"CRASH"
13879,1763240580,1763241859,"CRASH"
13880,1763242998,1763254240,"CRASH"
13881,1763255334,1763320431,"CRASH"
13882,1763321493,1763392426,"CRASH"
13883,1763394433,1763418120,""
13884,1763418833,1763424911,""
13885,1763427225,1763428029,""
13886,1763430358,1763486732,""
13887,1763490048,1763503463,""
13888,1763504155,1763515474,""
13889,1763516742,1763524567,""
13890,1763525756,1763527472,"CRASH"
13891,1763528538,1763601359,""
13892,1763603206,1763605752,""
13893,1763606531,1763702953,""
13894,1763703867,1763710533,""
13895,1763711284,1763816773,"CRASH"
13896,1763818249,1763977213,"CRASH"
13897,1763978182,1764030682,""
13898,1764031864,1764118172,""
13899,1764119009,1764203141,""
13900,1764204173,1764204757,""
13901,1764205678,1764379344,""
13902,1764380198,1764632810,""
13903,1764633597,1764634986,""
13904,1764635880,1764669948,""
13905,1764670713,1764691015,""
13906,1764692683,1764704271,""
13907,1764705054,1764746906,""
13908,1764747659,1764767189,"CRASH"
13909,1764768169,1764771942,"CRASH"
13910,1764772919,1764775020,"CRASH"
13911,1764777097,1764793851,""
13912,1764795355,1764858702,""
13913,1764859475,1764879141,"CRASH"
13914,1764880041,1764951545,""
13915,1764959122,1764959236,"CRASH"
13916,1764960564,1764966720,""
13917,1764967511,1765105508,"CRASH"
13918,1765106316,1765292604,"CRASH"
13919,1765293390,1765312105,""
13920,1765314006,1765318548,"CRASH"
13921,1765319358,1765320349,"CRASH"
13922,1765321454,1765386596,"CRASH"
13923,1765387598,1765483668,"CRASH"
13924,1765485182,1765488229,"CRASH"
13925,1765488924,1765490173,""
13926,1765491002,1765621331,""
13927,1765623013,1765625058,""
13928,1765625857,1765754826,"CRASH"
13929,1765755942,1765756345,"CRASH"
13930,1765758062,1765792036,""
13931,1765793029,1765802363,""
13932,1765803223,1765806439,"CRASH"
13933,1765807348,1765855830,"CRASH"
13934,1765856882,1765951684,"CRASH"
13935,1765952421,1765952532,"CRASH"
13936,1765953318,1765957981,"CRASH"
13937,1765958796,1765976646,""
13938,1765977558,1765980407,""
13939,1765983834,1765990981,""
13940,1765991826,1765992026,""
13941,1765992489,1765992793,""
13942,1765995402,1765995496,""
13943,1765996611,1765996929,""
13944,1765998104,1765998546,""
13945,1765999214,1766008170,""
13946,1766009198,1766009324,"CRASH"
13947,1766010203,1766015012,""
13948,1766017533,1766017672,""
13949,1766018634,1766023098,""
13950,1766023916,1766037750,"CRASH"
13951,1766038486,1766054565,"CRASH"
13952,1766055337,1766064640,""
13953,1766071367,1766169493,""
13954,1766173246,1766173580,""
13955,1766174592,1766175155,"CRASH"
13956,1766175830,1766204116,""
13957,1766204930,1766205360,""
13958,1766206730,1766214406,""
13959,1766215138,1766245983,""
13960,1766246865,1766252622,"CRASH"
13961,1766254022,1766277245,"CRASH"
13962,1766278118,1766323369,""
13963,1766324187,1766345669,""
13964,1766346515,1766533161,""
13965,1766534027,1766536261,""
13966,1766539540,1766540879,""
13967,1766542228,1766835690,"CRASH"
13968,1766837654,1766837767,"CRASH"
13969,1766839255,1766840483,"CRASH"
13970,1766842514,1766963534,"CRASH"
13971,1766964612,1766996672,""
13972,1766999579,1767003687,""
13973,1767004710,1767018034,""
13975,1767023019,1767023135,"CRASH"
13976,1767023408,1767023459,""
13977,1767026840,1767026952,"CRASH"
13978,1767028549,1767028661,"CRASH"
13979,1767029150,1767029236,""
13980,1767029820,1767030120,"CRASH"
13981,1767031366,1767081322,"CRASH"
13982,1767082623,1767120511,"CRASH"
13983,1767122740,1767235613,"CRASH"
13984,1767236438,1767620580,"CRASH"
13985,1767621514,1767624756,""
13986,1767628090,1767822710,""
13987,1767824157,1767882995,""
13988,1767886826,1767887270,""
13989,1767890405,1767893536,""
13990,1767894442,1767991114,""
13991,1767991889,1767995001,""
13992,1767995696,1768167888,""
13993,1768169257,1768230439,""
13994,1768231540,1768261326,"CRASH"
13995,1768262413,1768263465,""
13996,1768264261,1768344796,"CRASH"
13997,1768345941,1768432455,"CRASH"
13998,1768433583,1768439461,"CRASH"
13999,1768440432,1768443173,"CRASH"
14000,1768444415,1768492335,""
14001,1768493702,1768599346,""
14002,1768600448,1768721826,""
14003,1768722875,1768752952,""
14004,1768753729,1768818913,""
14005,1768819691,1768829084,""
14006,1768829902,1768896283,""
14007,1768896983,1768935764,""
14008,1768938591,1768949574,""
14009,1768950496,1769022294,""
14010,1769023035,1769026939,""
14011,1769027637,1769101627,""
14012,1769102186,1769103163,""
14013,1769103442,1769103531,""
14014,1769103845,1769104252,""
14015,1769105017,1769105138,""
14016,1769105522,1769105763,""
14017,1769116398,1769534303,""
14018,1769535008,1769536977,""
14019,1769539425,1769539831,"CRASH"
14020,1769540092,1769540287,""
14021,1769547434,1769548448,""
14022,1769549306,1769549444,""
14023,1769557475,1769724040,""
14024,1769726494,1769726541,""
14025,1769728268,1770051072,"CRASH"
14026,1770052668,1770220882,""
14027,1770221627,1770224990,""
14028,1770225728,1770242144,""
14029,1770242977,1770253708,""
14030,1770254564,1770294691,""
14031,1770297885,1770306132,""
14032,1770306978,1770307206,""
14033,1770308675,1770308908,""
14034,1770309741,1770309796,""
14035,1770311023,1770311245,""
14036,1770311956,1770341436,""
14037,1770342175,1770390945,""
14038,1770391850,1770395485,""
14039,1770396229,1770655632,""
14040,1770656424,1770677386,""
14041,1770678107,1770789599,"RUNNING"
